<?xml version="1.0" encoding="utf-8"?>
<COLLADA xmlns="http://www.collada.org/2005/11/COLLADASchema" version="1.4.1" xmlns:xsi="http://www.w3.org/2001/XMLSchema-instance">
  <asset>
    <contributor>
      <author>Administrator</author>
      <authoring_tool>OpenCOLLADA for 3ds Max;  Version: 1.6;  Revision: 57</authoring_tool>
      <source_data>file:///F:/%E5%A4%96%E5%8C%85/%E6%AD%A6%E6%B1%89%E4%B8%8B%E5%88%92%E7%BA%BF%E9%A1%B9%E7%9B%AE/%E6%84%A4%E6%80%92%E7%9A%84%E5%B0%8F%E9%B8%9F%E8%A7%92%E8%89%B2%E6%A8%A1%E5%9E%8B/GreenPig_b_01/GreenPig_b_01_%E5%BE%85%E6%9C%BA.max</source_data>
    </contributor>
    <created>2020-06-23T15:40:18</created>
    <modified>2020-06-23T15:40:18</modified>
    <unit name="centimeter" meter="0.01"/>
    <up_axis>Z_UP</up_axis>
  </asset>
  <library_lights>
    <light id="EnvironmentAmbientLight" name="EnvironmentAmbientLight">
      <technique_common>
        <ambient>
          <color>0 0 0</color>
        </ambient>
      </technique_common>
    </light>
  </library_lights>
  <library_visual_scenes>
    <visual_scene id="MaxScene">
      <node name="EnvironmentAmbientLight">
        <instance_light url="#EnvironmentAmbientLight"/>
      </node>
      <node id="node-Root" name="Root">
        <matrix>0.6526883 0 0 0 0 0.6526883 0 0 0 0 0.6526883 0 0 0 0 1</matrix>
        <node id="node-Bip001" name="Bip001">
          <matrix sid="matrix">-0.01664851 1.532035 0 0 -1.532035 -0.01664851 0 48.30864 0 0 1.532125 107.7395 0 0 0 1</matrix>
          <node id="node-Bip001_Pelvis" name="Bip001_Pelvis">
            <matrix sid="matrix">1.92202e-12 1 -1.38674e-6 0 -1.3868e-6 1.38674e-6 1 0 1 0 1.3868e-6 0 0 0 0 1</matrix>
            <node id="node-Bip001_Spine" name="Bip001_Spine">
              <matrix sid="matrix">0.9999997 -7.96318e-4 -1.38948e-6 41.37133 7.96318e-4 0.9999997 4.16115e-6 -0.02845764 1.38617e-6 -4.16225e-6 1 5.74589e-5 0 0 0 1</matrix>
              <node id="node-Bip001_Spine1" name="Bip001_Spine1">
                <matrix sid="matrix">1 5.82077e-11 1.18128e-12 35.74564 0 1 2.13704e-12 -0.05459785 6.66134e-16 -9.29185e-10 1 -1.19209e-7 0 0 0 1</matrix>
                <node id="node-Bip001_Neck" name="Bip001_Neck">
                  <matrix sid="matrix">1 5.82077e-11 1.18128e-12 56.04109 0 1 2.13704e-12 -10.3854 6.66134e-16 -9.29185e-10 1 -5.96046e-8 0 0 0 1</matrix>
                  <node id="node-Bip001_L_Clavicle" name="Bip001_L_Clavicle">
                    <matrix sid="matrix">-4.37107e-8 -7.96318e-4 0.9999997 -24.52097 -2.77437e-6 -0.9999997 -7.96318e-4 43.58783 1 -2.77441e-6 4.15015e-8 67.15594 0 0 0 1</matrix>
                    <node id="node-Bip001_L_UpperArm" name="Bip001_L_UpperArm">
                      <matrix sid="matrix">0.8536209 -0.02345043 0.5203667 41.91663 0.05200277 0.9978319 -0.04033897 3.21865e-6 -0.5182925 0.06149469 0.8529896 0 0 0 0 1</matrix>
                      <node id="node-Bip001_L_Forearm" name="Bip001_L_Forearm">
                        <matrix sid="matrix">0.9986372 0.05218732 -2.98023e-8 31.26547 -0.05218732 0.9986373 -3.72529e-9 -4.76837e-7 2.98023e-8 0 1 0 0 0 0 1</matrix>
                        <node id="node-Bip001_L_Hand" name="Bip001_L_Hand">
                          <matrix sid="matrix">0.9843512 -0.1762174 1.40313e-4 26.59954 0 7.96273e-4 0.9999997 0 -0.1762174 -0.984351 7.83812e-4 1.52588e-5 0 0 0 1</matrix>
                          <node id="node-Bip001_L_Finger0" name="Bip001_L_Finger0">
                            <matrix sid="matrix">0.5484009 -0.3218574 0.7717927 7.073746 0.4949978 0.8688294 0.01060113 6.418411 -0.6739682 0.3762221 0.6357856 -10.4692 0 0 0 1</matrix>
                            <extra>
                              <technique profile="OpenCOLLADA">
                                <cast_shadows sid="cast_shadows" type="bool">1</cast_shadows>
                                <receive_shadows sid="receive_shadows" type="bool">1</receive_shadows>
                                <primary_visibility sid="primary_visibility" type="bool">1</primary_visibility>
                                <secondary_visibility sid="secondary_visibility" type="bool">1</secondary_visibility>
                              </technique>
                            </extra>
                          </node>
                          <node id="node-Bip001_L_Finger1" name="Bip001_L_Finger1">
                            <matrix sid="matrix">0.934899 -0.3549139 3.72529e-9 13.80211 0.3549137 0.9348986 7.96316e-4 3.981003 -2.82621e-4 -7.44483e-4 0.9999996 1.088464 0 0 0 1</matrix>
                            <extra>
                              <technique profile="OpenCOLLADA">
                                <cast_shadows sid="cast_shadows" type="bool">1</cast_shadows>
                                <receive_shadows sid="receive_shadows" type="bool">1</receive_shadows>
                                <primary_visibility sid="primary_visibility" type="bool">1</primary_visibility>
                                <secondary_visibility sid="secondary_visibility" type="bool">1</secondary_visibility>
                              </technique>
                            </extra>
                          </node>
                          <node id="node-Bip001_L_Finger2" name="Bip001_L_Finger2">
                            <matrix sid="matrix">0.820003 -0.1887652 -0.5403358 9.790504 0.2247526 0.9744155 6.70046e-4 6.367722 0.5263852 -0.1219914 0.8414491 13.03898 0 0 0 1</matrix>
                            <extra>
                              <technique profile="OpenCOLLADA">
                                <cast_shadows sid="cast_shadows" type="bool">1</cast_shadows>
                                <receive_shadows sid="receive_shadows" type="bool">1</receive_shadows>
                                <primary_visibility sid="primary_visibility" type="bool">1</primary_visibility>
                                <secondary_visibility sid="secondary_visibility" type="bool">1</secondary_visibility>
                              </technique>
                            </extra>
                          </node>
                          <node id="node-Bone108" name="Bone108">
                            <matrix>2.70871e-4 -2.4742e-4 3.39724e-4 -11.2184 4.29396e-5 4.18348e-4 2.70445e-4 30.8242 -4.18073e-4 -1.17337e-4 2.47885e-4 4.192827 0 0 0 1</matrix>
                            <extra>
                              <technique profile="OpenCOLLADA">
                                <cast_shadows sid="cast_shadows" type="bool">1</cast_shadows>
                                <receive_shadows sid="receive_shadows" type="bool">1</receive_shadows>
                                <primary_visibility sid="primary_visibility" type="bool">1</primary_visibility>
                                <secondary_visibility sid="secondary_visibility" type="bool">1</secondary_visibility>
                              </technique>
                            </extra>
                          </node>
                          <extra>
                            <technique profile="OpenCOLLADA">
                              <cast_shadows sid="cast_shadows" type="bool">1</cast_shadows>
                              <receive_shadows sid="receive_shadows" type="bool">1</receive_shadows>
                              <primary_visibility sid="primary_visibility" type="bool">1</primary_visibility>
                              <secondary_visibility sid="secondary_visibility" type="bool">1</secondary_visibility>
                            </technique>
                          </extra>
                        </node>
                        <extra>
                          <technique profile="OpenCOLLADA">
                            <cast_shadows sid="cast_shadows" type="bool">1</cast_shadows>
                            <receive_shadows sid="receive_shadows" type="bool">1</receive_shadows>
                            <primary_visibility sid="primary_visibility" type="bool">1</primary_visibility>
                            <secondary_visibility sid="secondary_visibility" type="bool">1</secondary_visibility>
                          </technique>
                        </extra>
                      </node>
                      <extra>
                        <technique profile="OpenCOLLADA">
                          <cast_shadows sid="cast_shadows" type="bool">1</cast_shadows>
                          <receive_shadows sid="receive_shadows" type="bool">1</receive_shadows>
                          <primary_visibility sid="primary_visibility" type="bool">1</primary_visibility>
                          <secondary_visibility sid="secondary_visibility" type="bool">1</secondary_visibility>
                        </technique>
                      </extra>
                    </node>
                    <extra>
                      <technique profile="OpenCOLLADA">
                        <cast_shadows sid="cast_shadows" type="bool">1</cast_shadows>
                        <receive_shadows sid="receive_shadows" type="bool">1</receive_shadows>
                        <primary_visibility sid="primary_visibility" type="bool">1</primary_visibility>
                        <secondary_visibility sid="secondary_visibility" type="bool">1</secondary_visibility>
                      </technique>
                    </extra>
                  </node>
                  <node id="node-Bip001_R_Clavicle" name="Bip001_R_Clavicle">
                    <matrix sid="matrix">-4.37121e-8 -7.96318e-4 -0.9999997 -24.52097 2.77444e-6 -0.9999997 7.96318e-4 43.5882 -1 -2.77441e-6 4.59212e-8 -67.15575 0 0 0 1</matrix>
                    <node id="node-Bip001_R_UpperArm" name="Bip001_R_UpperArm">
                      <matrix sid="matrix">0.7843495 -0.02792647 -0.6196904 41.91663 0.06192867 0.9975206 0.03343037 -1.19209e-6 0.6172203 -0.06459768 0.7841341 0 0 0 0 1</matrix>
                      <node id="node-Bip001_R_Forearm" name="Bip001_R_Forearm">
                        <matrix sid="matrix">0.9986373 0.05218734 0 31.26548 -0.05218734 0.9986374 3.72529e-9 -4.76837e-7 1.19209e-7 5.58794e-9 1 0 0 0 0 1</matrix>
                        <node id="node-Bip001_R_Hand" name="Bip001_R_Hand">
                          <matrix sid="matrix">0.9843513 -0.1762172 -1.40319e-4 26.59954 -1.86265e-9 7.96271e-4 -0.9999998 0 0.1762173 0.984351 7.83814e-4 -1.52588e-5 0 0 0 1</matrix>
                          <node id="node-Bip001_R_Finger0" name="Bip001_R_Finger0">
                            <matrix sid="matrix">0.5484008 -0.3218575 -0.7717927 7.073738 0.4949978 0.8688294 -0.01060122 6.418396 0.6739681 -0.3762221 0.6357856 10.4692 0 0 0 1</matrix>
                            <extra>
                              <technique profile="OpenCOLLADA">
                                <cast_shadows sid="cast_shadows" type="bool">1</cast_shadows>
                                <receive_shadows sid="receive_shadows" type="bool">1</receive_shadows>
                                <primary_visibility sid="primary_visibility" type="bool">1</primary_visibility>
                                <secondary_visibility sid="secondary_visibility" type="bool">1</secondary_visibility>
                              </technique>
                            </extra>
                          </node>
                          <node id="node-Bip001_R_Finger1" name="Bip001_R_Finger1">
                            <matrix sid="matrix">0.9348989 -0.354914 -1.86265e-9 13.80212 0.3549138 0.9348985 -7.96318e-4 3.981018 2.82627e-4 7.44475e-4 0.9999996 -1.088463 0 0 0 1</matrix>
                            <extra>
                              <technique profile="OpenCOLLADA">
                                <cast_shadows sid="cast_shadows" type="bool">1</cast_shadows>
                                <receive_shadows sid="receive_shadows" type="bool">1</receive_shadows>
                                <primary_visibility sid="primary_visibility" type="bool">1</primary_visibility>
                                <secondary_visibility sid="secondary_visibility" type="bool">1</secondary_visibility>
                              </technique>
                            </extra>
                          </node>
                          <node id="node-Bip001_R_Finger2" name="Bip001_R_Finger2">
                            <matrix sid="matrix">0.820003 -0.1887654 0.5403358 9.79052 0.2247527 0.9744155 -6.70046e-4 6.367722 -0.5263852 0.1219913 0.8414491 -13.03898 0 0 0 1</matrix>
                            <extra>
                              <technique profile="OpenCOLLADA">
                                <cast_shadows sid="cast_shadows" type="bool">1</cast_shadows>
                                <receive_shadows sid="receive_shadows" type="bool">1</receive_shadows>
                                <primary_visibility sid="primary_visibility" type="bool">1</primary_visibility>
                                <secondary_visibility sid="secondary_visibility" type="bool">1</secondary_visibility>
                              </technique>
                            </extra>
                          </node>
                          <extra>
                            <technique profile="OpenCOLLADA">
                              <cast_shadows sid="cast_shadows" type="bool">1</cast_shadows>
                              <receive_shadows sid="receive_shadows" type="bool">1</receive_shadows>
                              <primary_visibility sid="primary_visibility" type="bool">1</primary_visibility>
                              <secondary_visibility sid="secondary_visibility" type="bool">1</secondary_visibility>
                            </technique>
                          </extra>
                        </node>
                        <extra>
                          <technique profile="OpenCOLLADA">
                            <cast_shadows sid="cast_shadows" type="bool">1</cast_shadows>
                            <receive_shadows sid="receive_shadows" type="bool">1</receive_shadows>
                            <primary_visibility sid="primary_visibility" type="bool">1</primary_visibility>
                            <secondary_visibility sid="secondary_visibility" type="bool">1</secondary_visibility>
                          </technique>
                        </extra>
                      </node>
                      <extra>
                        <technique profile="OpenCOLLADA">
                          <cast_shadows sid="cast_shadows" type="bool">1</cast_shadows>
                          <receive_shadows sid="receive_shadows" type="bool">1</receive_shadows>
                          <primary_visibility sid="primary_visibility" type="bool">1</primary_visibility>
                          <secondary_visibility sid="secondary_visibility" type="bool">1</secondary_visibility>
                        </technique>
                      </extra>
                    </node>
                    <extra>
                      <technique profile="OpenCOLLADA">
                        <cast_shadows sid="cast_shadows" type="bool">1</cast_shadows>
                        <receive_shadows sid="receive_shadows" type="bool">1</receive_shadows>
                        <primary_visibility sid="primary_visibility" type="bool">1</primary_visibility>
                        <secondary_visibility sid="secondary_visibility" type="bool">1</secondary_visibility>
                      </technique>
                    </extra>
                  </node>
                  <node id="node-Bip001_Head" name="Bip001_Head">
                    <matrix sid="matrix">0.9957138 0.09248825 2.56523e-7 9.760681 -0.09248826 0.9957138 -1.23093e-8 0 -2.56575e-7 -1.32847e-8 1 0 0 0 0 1</matrix>
                    <node id="node-Bip001_Xtra01" name="Bip001_Xtra01">
                      <matrix sid="matrix">0.9980146 0.06181073 0.01209477 156.8105 -0.0618155 0.9980877 1.94024e-5 -5.545555 -0.01207044 -7.67009e-4 0.9999269 -3.002224 0 0 0 1</matrix>
                      <node id="node-Bip001_Xtra0102" name="Bip001_Xtra0102">
                        <matrix sid="matrix">0.9828952 0.1757532 -0.05502639 11.66232 -0.1759188 0.984403 0.001857806 -0.007938385 0.05449465 0.007854143 0.9984831 -6.34193e-5 0 0 0 1</matrix>
                        <extra>
                          <technique profile="OpenCOLLADA">
                            <cast_shadows sid="cast_shadows" type="bool">1</cast_shadows>
                            <receive_shadows sid="receive_shadows" type="bool">1</receive_shadows>
                            <primary_visibility sid="primary_visibility" type="bool">1</primary_visibility>
                            <secondary_visibility sid="secondary_visibility" type="bool">1</secondary_visibility>
                          </technique>
                        </extra>
                      </node>
                      <extra>
                        <technique profile="OpenCOLLADA">
                          <cast_shadows sid="cast_shadows" type="bool">1</cast_shadows>
                          <receive_shadows sid="receive_shadows" type="bool">1</receive_shadows>
                          <primary_visibility sid="primary_visibility" type="bool">1</primary_visibility>
                          <secondary_visibility sid="secondary_visibility" type="bool">1</secondary_visibility>
                        </technique>
                      </extra>
                    </node>
                    <node id="node-Bip001_Xtra02" name="Bip001_Xtra02">
                      <matrix sid="matrix">0.9392171 0.09945925 0.3286021 150.4238 -0.1061402 0.9943483 0.00240895 -5.071274 -0.3265054 -0.03714043 0.9444655 -31.81798 0 0 0 1</matrix>
                      <node id="node-Bip001_Xtra0202" name="Bip001_Xtra0202">
                        <matrix sid="matrix">0.9851654 0.1613114 -0.05854851 11.01965 -0.1614775 0.9868745 0.001912601 -0.007686615 0.05808856 0.007570066 0.9982828 -6.10352e-5 0 0 0 1</matrix>
                        <extra>
                          <technique profile="OpenCOLLADA">
                            <cast_shadows sid="cast_shadows" type="bool">1</cast_shadows>
                            <receive_shadows sid="receive_shadows" type="bool">1</receive_shadows>
                            <primary_visibility sid="primary_visibility" type="bool">1</primary_visibility>
                            <secondary_visibility sid="secondary_visibility" type="bool">1</secondary_visibility>
                          </technique>
                        </extra>
                      </node>
                      <extra>
                        <technique profile="OpenCOLLADA">
                          <cast_shadows sid="cast_shadows" type="bool">1</cast_shadows>
                          <receive_shadows sid="receive_shadows" type="bool">1</receive_shadows>
                          <primary_visibility sid="primary_visibility" type="bool">1</primary_visibility>
                          <secondary_visibility sid="secondary_visibility" type="bool">1</secondary_visibility>
                        </technique>
                      </extra>
                    </node>
                    <node id="node-Bip001_Xtra03" name="Bip001_Xtra03">
                      <matrix sid="matrix">-0.4074519 0.3324713 -0.8505563 113.2863 -0.1870555 0.8812435 0.4340739 95.53049 0.8938644 0.3359655 -0.2968739 44.14919 0 0 0 1</matrix>
                      <node id="node-Bip001_Xtra0302" name="Bip001_Xtra0302">
                        <matrix sid="matrix">0.9876608 0.1565445 -0.00447917 23.79205 -0.1565654 0.9876562 -0.004758209 -0.01255798 0.003679067 0.005400836 0.9999787 -9.15527e-5 0 0 0 1</matrix>
                        <node id="node-Bip001_Xtra0303" name="Bip001_Xtra0303">
                          <matrix sid="matrix">0.9824741 0.1427618 -0.1198489 15.95905 -0.1441284 0.9895551 -0.002768546 -0.01248169 0.1182019 0.01999363 0.9927884 -2.44141e-4 0 0 0 1</matrix>
                          <extra>
                            <technique profile="OpenCOLLADA">
                              <cast_shadows sid="cast_shadows" type="bool">1</cast_shadows>
                              <receive_shadows sid="receive_shadows" type="bool">1</receive_shadows>
                              <primary_visibility sid="primary_visibility" type="bool">1</primary_visibility>
                              <secondary_visibility sid="secondary_visibility" type="bool">1</secondary_visibility>
                            </technique>
                          </extra>
                        </node>
                        <extra>
                          <technique profile="OpenCOLLADA">
                            <cast_shadows sid="cast_shadows" type="bool">1</cast_shadows>
                            <receive_shadows sid="receive_shadows" type="bool">1</receive_shadows>
                            <primary_visibility sid="primary_visibility" type="bool">1</primary_visibility>
                            <secondary_visibility sid="secondary_visibility" type="bool">1</secondary_visibility>
                          </technique>
                        </extra>
                      </node>
                      <extra>
                        <technique profile="OpenCOLLADA">
                          <cast_shadows sid="cast_shadows" type="bool">1</cast_shadows>
                          <receive_shadows sid="receive_shadows" type="bool">1</receive_shadows>
                          <primary_visibility sid="primary_visibility" type="bool">1</primary_visibility>
                          <secondary_visibility sid="secondary_visibility" type="bool">1</secondary_visibility>
                        </technique>
                      </extra>
                    </node>
                    <node id="node-Bip001_Xtra03Opp" name="Bip001_Xtra03Opp">
                      <matrix sid="matrix">-0.4074518 0.3324666 0.8505579 113.2863 -0.1870502 0.8812479 -0.4340673 95.53073 -0.8938653 -0.3359585 -0.2968781 -44.14866 0 0 0 1</matrix>
                      <node id="node-Bip001_Xtra03Opp02" name="Bip001_Xtra03Opp02">
                        <matrix sid="matrix">0.989859 0.13425 0.04643673 23.79235 -0.134408 0.9909261 2.83152e-4 -0.0125885 -0.04597741 -0.006521672 0.9989213 1.2207e-4 0 0 0 1</matrix>
                        <node id="node-Bip001_Xtra03Opp03" name="Bip001_Xtra03Opp03">
                          <matrix sid="matrix">0.9773159 0.1125309 0.179417 15.95944 -0.1147541 0.9933919 0.002026677 -0.01254272 -0.1780034 -0.02256964 0.983771 2.74658e-4 0 0 0 1</matrix>
                          <extra>
                            <technique profile="OpenCOLLADA">
                              <cast_shadows sid="cast_shadows" type="bool">1</cast_shadows>
                              <receive_shadows sid="receive_shadows" type="bool">1</receive_shadows>
                              <primary_visibility sid="primary_visibility" type="bool">1</primary_visibility>
                              <secondary_visibility sid="secondary_visibility" type="bool">1</secondary_visibility>
                            </technique>
                          </extra>
                        </node>
                        <extra>
                          <technique profile="OpenCOLLADA">
                            <cast_shadows sid="cast_shadows" type="bool">1</cast_shadows>
                            <receive_shadows sid="receive_shadows" type="bool">1</receive_shadows>
                            <primary_visibility sid="primary_visibility" type="bool">1</primary_visibility>
                            <secondary_visibility sid="secondary_visibility" type="bool">1</secondary_visibility>
                          </technique>
                        </extra>
                      </node>
                      <extra>
                        <technique profile="OpenCOLLADA">
                          <cast_shadows sid="cast_shadows" type="bool">1</cast_shadows>
                          <receive_shadows sid="receive_shadows" type="bool">1</receive_shadows>
                          <primary_visibility sid="primary_visibility" type="bool">1</primary_visibility>
                          <secondary_visibility sid="secondary_visibility" type="bool">1</secondary_visibility>
                        </technique>
                      </extra>
                    </node>
                    <extra>
                      <technique profile="OpenCOLLADA">
                        <cast_shadows sid="cast_shadows" type="bool">1</cast_shadows>
                        <receive_shadows sid="receive_shadows" type="bool">1</receive_shadows>
                        <primary_visibility sid="primary_visibility" type="bool">1</primary_visibility>
                        <secondary_visibility sid="secondary_visibility" type="bool">1</secondary_visibility>
                      </technique>
                    </extra>
                  </node>
                  <extra>
                    <technique profile="OpenCOLLADA">
                      <cast_shadows sid="cast_shadows" type="bool">1</cast_shadows>
                      <receive_shadows sid="receive_shadows" type="bool">1</receive_shadows>
                      <primary_visibility sid="primary_visibility" type="bool">1</primary_visibility>
                      <secondary_visibility sid="secondary_visibility" type="bool">1</secondary_visibility>
                    </technique>
                  </extra>
                </node>
                <node id="node-Bone110" name="Bone110">
                  <matrix sid="matrix">-0.8691169 0.4901228 -0.0664513 32.82021 0.4912068 0.8710431 3.04566e-5 157.3337 0.05789687 -0.03261486 -0.9977898 2.05636e-4 0 0 0 1</matrix>
                  <node id="node-Bone111" name="Bone111">
                    <matrix sid="matrix">0.9931725 0.1138137 0.02558921 25.41016 -0.1137898 0.993502 -0.002390895 1.52588e-5 -0.02569506 -5.37222e-4 0.9996697 4.76837e-6 0 0 0 1</matrix>
                    <node id="node-Bone112" name="Bone112">
                      <matrix sid="matrix">0.9852153 0.1676129 0.03545369 24.87146 -0.1677574 0.9858278 0.001118455 0 -0.03476374 -0.007049536 0.9993708 2.86102e-6 0 0 0 1</matrix>
                      <extra>
                        <technique profile="OpenCOLLADA">
                          <cast_shadows sid="cast_shadows" type="bool">1</cast_shadows>
                          <receive_shadows sid="receive_shadows" type="bool">1</receive_shadows>
                          <primary_visibility sid="primary_visibility" type="bool">1</primary_visibility>
                          <secondary_visibility sid="secondary_visibility" type="bool">1</secondary_visibility>
                        </technique>
                      </extra>
                    </node>
                    <extra>
                      <technique profile="OpenCOLLADA">
                        <cast_shadows sid="cast_shadows" type="bool">1</cast_shadows>
                        <receive_shadows sid="receive_shadows" type="bool">1</receive_shadows>
                        <primary_visibility sid="primary_visibility" type="bool">1</primary_visibility>
                        <secondary_visibility sid="secondary_visibility" type="bool">1</secondary_visibility>
                      </technique>
                    </extra>
                  </node>
                  <extra>
                    <technique profile="OpenCOLLADA">
                      <cast_shadows sid="cast_shadows" type="bool">1</cast_shadows>
                      <receive_shadows sid="receive_shadows" type="bool">1</receive_shadows>
                      <primary_visibility sid="primary_visibility" type="bool">1</primary_visibility>
                      <secondary_visibility sid="secondary_visibility" type="bool">1</secondary_visibility>
                    </technique>
                  </extra>
                </node>
                <extra>
                  <technique profile="OpenCOLLADA">
                    <cast_shadows sid="cast_shadows" type="bool">1</cast_shadows>
                    <receive_shadows sid="receive_shadows" type="bool">1</receive_shadows>
                    <primary_visibility sid="primary_visibility" type="bool">1</primary_visibility>
                    <secondary_visibility sid="secondary_visibility" type="bool">1</secondary_visibility>
                  </technique>
                </extra>
              </node>
              <node id="node-Bip001_L_Thigh" name="Bip001_L_Thigh">
                <matrix sid="matrix">-0.9889198 0.1290515 0.07337136 -41.3713 0.1348864 0.9875388 0.08107278 0.0612545 -0.0619945 0.09007127 -0.9940041 54.70685 0 0 0 1</matrix>
                <node id="node-Bip001_L_Calf" name="Bip001_L_Calf">
                  <matrix sid="matrix">0.8666983 0.4988329 0 40.50289 -0.4988329 0.8666982 9.31323e-10 -1.90735e-6 1.49012e-8 0 1 3.8147e-6 0 0 0 1</matrix>
                  <node id="node-Bip001_L_Foot" name="Bip001_L_Foot">
                    <matrix sid="matrix">0.9211707 -0.3884645 -0.0232368 21.06417 0.382192 0.8918179 0.2420544 0 -0.07330655 -0.2318544 0.9699844 -3.8147e-6 0 0 0 1</matrix>
                    <node id="node-Bip001_L_Toe0" name="Bip001_L_Toe0">
                      <matrix sid="matrix">-8.04559e-8 -1 2.21543e-7 10.06601 1 -8.04558e-8 4.17233e-7 22.69505 -3.8743e-7 2.21543e-7 1 -3.8147e-6 0 0 0 1</matrix>
                      <extra>
                        <technique profile="OpenCOLLADA">
                          <cast_shadows sid="cast_shadows" type="bool">1</cast_shadows>
                          <receive_shadows sid="receive_shadows" type="bool">1</receive_shadows>
                          <primary_visibility sid="primary_visibility" type="bool">1</primary_visibility>
                          <secondary_visibility sid="secondary_visibility" type="bool">1</secondary_visibility>
                        </technique>
                      </extra>
                    </node>
                    <extra>
                      <technique profile="OpenCOLLADA">
                        <cast_shadows sid="cast_shadows" type="bool">1</cast_shadows>
                        <receive_shadows sid="receive_shadows" type="bool">1</receive_shadows>
                        <primary_visibility sid="primary_visibility" type="bool">1</primary_visibility>
                        <secondary_visibility sid="secondary_visibility" type="bool">1</secondary_visibility>
                      </technique>
                    </extra>
                  </node>
                  <extra>
                    <technique profile="OpenCOLLADA">
                      <cast_shadows sid="cast_shadows" type="bool">1</cast_shadows>
                      <receive_shadows sid="receive_shadows" type="bool">1</receive_shadows>
                      <primary_visibility sid="primary_visibility" type="bool">1</primary_visibility>
                      <secondary_visibility sid="secondary_visibility" type="bool">1</secondary_visibility>
                    </technique>
                  </extra>
                </node>
                <extra>
                  <technique profile="OpenCOLLADA">
                    <cast_shadows sid="cast_shadows" type="bool">1</cast_shadows>
                    <receive_shadows sid="receive_shadows" type="bool">1</receive_shadows>
                    <primary_visibility sid="primary_visibility" type="bool">1</primary_visibility>
                    <secondary_visibility sid="secondary_visibility" type="bool">1</secondary_visibility>
                  </technique>
                </extra>
              </node>
              <node id="node-Bip001_R_Thigh" name="Bip001_R_Thigh">
                <matrix sid="matrix">-0.9494174 0.2964917 -0.1034383 -41.3713 0.3105234 0.935457 -0.1688064 0.06155586 0.04671236 -0.1923877 -0.9802067 -54.70684 0 0 0 1</matrix>
                <node id="node-Bip001_R_Calf" name="Bip001_R_Calf">
                  <matrix sid="matrix">0.8872501 0.4612887 -7.45058e-9 40.50289 -0.4612887 0.8872501 1.67638e-8 -1.90735e-6 2.98023e-8 1.11759e-8 1 3.8147e-6 0 0 0 1</matrix>
                  <node id="node-Bip001_R_Foot" name="Bip001_R_Foot">
                    <matrix sid="matrix">0.9790142 -0.1812317 -0.09319864 21.06417 0.175668 0.9823108 -0.06485511 -3.8147e-6 0.1033038 0.04712206 0.9935328 -3.8147e-6 0 0 0 1</matrix>
                    <node id="node-Bip001_R_Toe0" name="Bip001_R_Toe0">
                      <matrix sid="matrix">1.42109e-14 -1 4.37114e-8 10.06601 1 0 -2.98023e-7 22.69504 2.98023e-7 4.37114e-8 1 3.8147e-6 0 0 0 1</matrix>
                      <extra>
                        <technique profile="OpenCOLLADA">
                          <cast_shadows sid="cast_shadows" type="bool">1</cast_shadows>
                          <receive_shadows sid="receive_shadows" type="bool">1</receive_shadows>
                          <primary_visibility sid="primary_visibility" type="bool">1</primary_visibility>
                          <secondary_visibility sid="secondary_visibility" type="bool">1</secondary_visibility>
                        </technique>
                      </extra>
                    </node>
                    <extra>
                      <technique profile="OpenCOLLADA">
                        <cast_shadows sid="cast_shadows" type="bool">1</cast_shadows>
                        <receive_shadows sid="receive_shadows" type="bool">1</receive_shadows>
                        <primary_visibility sid="primary_visibility" type="bool">1</primary_visibility>
                        <secondary_visibility sid="secondary_visibility" type="bool">1</secondary_visibility>
                      </technique>
                    </extra>
                  </node>
                  <extra>
                    <technique profile="OpenCOLLADA">
                      <cast_shadows sid="cast_shadows" type="bool">1</cast_shadows>
                      <receive_shadows sid="receive_shadows" type="bool">1</receive_shadows>
                      <primary_visibility sid="primary_visibility" type="bool">1</primary_visibility>
                      <secondary_visibility sid="secondary_visibility" type="bool">1</secondary_visibility>
                    </technique>
                  </extra>
                </node>
                <extra>
                  <technique profile="OpenCOLLADA">
                    <cast_shadows sid="cast_shadows" type="bool">1</cast_shadows>
                    <receive_shadows sid="receive_shadows" type="bool">1</receive_shadows>
                    <primary_visibility sid="primary_visibility" type="bool">1</primary_visibility>
                    <secondary_visibility sid="secondary_visibility" type="bool">1</secondary_visibility>
                  </technique>
                </extra>
              </node>
              <extra>
                <technique profile="OpenCOLLADA">
                  <cast_shadows sid="cast_shadows" type="bool">1</cast_shadows>
                  <receive_shadows sid="receive_shadows" type="bool">1</receive_shadows>
                  <primary_visibility sid="primary_visibility" type="bool">1</primary_visibility>
                  <secondary_visibility sid="secondary_visibility" type="bool">1</secondary_visibility>
                </technique>
              </extra>
            </node>
            <extra>
              <technique profile="OpenCOLLADA">
                <cast_shadows sid="cast_shadows" type="bool">1</cast_shadows>
                <receive_shadows sid="receive_shadows" type="bool">1</receive_shadows>
                <primary_visibility sid="primary_visibility" type="bool">1</primary_visibility>
                <secondary_visibility sid="secondary_visibility" type="bool">1</secondary_visibility>
              </technique>
            </extra>
          </node>
          <node id="node-Bip001_Prop1" name="Bip001_Prop1">
            <matrix>-0.9489889 -0.307259 0.07079847 -105.6388 0.1413349 -0.6152295 -0.7755755 -39.06596 0.2818598 -0.726006 0.6272721 146.183 0 0 0 1</matrix>
            <extra>
              <technique profile="OpenCOLLADA">
                <cast_shadows sid="cast_shadows" type="bool">1</cast_shadows>
                <receive_shadows sid="receive_shadows" type="bool">1</receive_shadows>
                <primary_visibility sid="primary_visibility" type="bool">1</primary_visibility>
                <secondary_visibility sid="secondary_visibility" type="bool">1</secondary_visibility>
              </technique>
            </extra>
          </node>
          <node id="node-Bip001_Prop2" name="Bip001_Prop2">
            <matrix sid="matrix">0.9981505 0.04032527 -0.04549207 23.87577 -0.04702352 0.9864203 -0.1573654 -200.5766 0.03852848 0.1592135 0.9864921 44.12514 0 0 0 1</matrix>
            <extra>
              <technique profile="OpenCOLLADA">
                <cast_shadows sid="cast_shadows" type="bool">1</cast_shadows>
                <receive_shadows sid="receive_shadows" type="bool">1</receive_shadows>
                <primary_visibility sid="primary_visibility" type="bool">1</primary_visibility>
                <secondary_visibility sid="secondary_visibility" type="bool">1</secondary_visibility>
              </technique>
            </extra>
          </node>
          <extra>
            <technique profile="OpenCOLLADA">
              <cast_shadows sid="cast_shadows" type="bool">1</cast_shadows>
              <receive_shadows sid="receive_shadows" type="bool">1</receive_shadows>
              <primary_visibility sid="primary_visibility" type="bool">1</primary_visibility>
              <secondary_visibility sid="secondary_visibility" type="bool">1</secondary_visibility>
            </technique>
          </extra>
        </node>
        <node id="node-npc_vfx" name="npc_vfx">
          <matrix>1.532125 0 0 0 0 -2.49615e-7 -1.532125 6.38691e-8 0 1.532125 -2.49615e-7 0 0 0 0 1</matrix>
          <extra>
            <technique profile="OpenCOLLADA">
              <cast_shadows sid="cast_shadows" type="bool">1</cast_shadows>
              <receive_shadows sid="receive_shadows" type="bool">1</receive_shadows>
              <primary_visibility sid="primary_visibility" type="bool">1</primary_visibility>
              <secondary_visibility sid="secondary_visibility" type="bool">1</secondary_visibility>
            </technique>
          </extra>
        </node>
        <extra>
          <technique profile="OpenCOLLADA">
            <cast_shadows sid="cast_shadows" type="bool">1</cast_shadows>
            <receive_shadows sid="receive_shadows" type="bool">1</receive_shadows>
            <primary_visibility sid="primary_visibility" type="bool">1</primary_visibility>
            <secondary_visibility sid="secondary_visibility" type="bool">1</secondary_visibility>
          </technique>
        </extra>
      </node>
    </visual_scene>
  </library_visual_scenes>
  <library_animations>
    <animation>
      <source id="node-Bip001_matrix-input">
        <float_array id="node-Bip001_matrix-input-array" count="61">0 0.03333334 0.06666667 0.1 0.1333333 0.1666667 0.2 0.2333333 0.2666667 0.3 0.3333333 0.3666667 0.4 0.4333333 0.4666667 0.5 0.5333334 0.5666667 0.6 0.6333333 0.6666667 0.7 0.7333333 0.7666667 0.8 0.8333333 0.8666667 0.9 0.9333333 0.9666666 1 1.033333 1.066667 1.1 1.133333 1.166667 1.2 1.233333 1.266667 1.3 1.333333 1.366667 1.4 1.433333 1.466667 1.5 1.533333 1.566667 1.6 1.633333 1.666667 1.7 1.733333 1.766667 1.8 1.833333 1.866667 1.9 1.933333 1.966667 2</float_array>
        <technique_common>
          <accessor source="#node-Bip001_matrix-input-array" count="61" stride="1">
            <param name="TIME" type="float"/>
          </accessor>
        </technique_common>
      </source>
      <source id="node-Bip001_matrix-output">
