<?xml version="1.0" encoding="utf-8"?>
<COLLADA xmlns="http://www.collada.org/2005/11/COLLADASchema" version="1.4.1" xmlns:xsi="http://www.w3.org/2001/XMLSchema-instance">
  <asset>
    <contributor>
      <author>Administrator</author>
      <authoring_tool>OpenCOLLADA for 3ds Max;  Version: 1.6;  Revision: 57</authoring_tool>
      <source_data>file:///F:/%E5%A4%96%E5%8C%85/%E6%AD%A6%E6%B1%89%E4%B8%8B%E5%88%92%E7%BA%BF%E9%A1%B9%E7%9B%AE/%E6%84%A4%E6%80%92%E7%9A%84%E5%B0%8F%E9%B8%9F%E8%A7%92%E8%89%B2%E6%A8%A1%E5%9E%8B/GreenPig_b_01/GreenPig_b_01_%E8%B7%91.max</source_data>
    </contributor>
    <created>2020-06-23T15:38:43</created>
    <modified>2020-06-23T15:38:43</modified>
    <unit name="centimeter" meter="0.01"/>
    <up_axis>Z_UP</up_axis>
  </asset>
  <library_lights>
    <light id="EnvironmentAmbientLight" name="EnvironmentAmbientLight">
      <technique_common>
        <ambient>
          <color>0 0 0</color>
        </ambient>
      </technique_common>
    </light>
  </library_lights>
  <library_visual_scenes>
    <visual_scene id="MaxScene">
      <node name="EnvironmentAmbientLight">
        <instance_light url="#EnvironmentAmbientLight"/>
      </node>
      <node id="node-Root" name="Root">
        <matrix>0.6526883 0 0 0 0 0.6526883 0 0 0 0 0.6526883 0 0 0 0 1</matrix>
        <node id="node-Bip001" name="Bip001">
          <matrix sid="matrix">0.007433135 1.532107 1.16013e-4 9.71668 -1.532093 0.007432587 0.006535401 50.40403 0.006534762 -1.47717e-4 1.532111 134.8044 0 0 0 1</matrix>
          <node id="node-Bip001_Pelvis" name="Bip001_Pelvis">
            <matrix sid="matrix">-6.03246e-4 0.9922516 -0.1242446 0 -1.37439e-6 0.1242447 0.9922518 0 0.9999999 5.98743e-4 -7.35864e-5 0 0 0 0 1</matrix>
            <node id="node-Bip001_Spine" name="Bip001_Spine">
              <matrix sid="matrix">0.9985433 0.0263282 0.04709391 41.37054 -0.03386923 0.9853269 0.1672829 -0.003271103 -0.04199864 -0.1686344 0.9847834 0.001756668 0 0 0 1</matrix>
              <node id="node-Bip001_Spine1" name="Bip001_Spine1">
                <matrix sid="matrix">0.9970077 0.07723868 -0.003122844 35.74139 -0.07636708 0.9904114 0.1151219 -0.05406952 0.01198475 -0.1145389 0.9933465 0.006251335 0 0 0 1</matrix>
                <node id="node-Bip001_Neck" name="Bip001_Neck">
                  <matrix>0.9999999 0 0 56.04109 7.45058e-9 0.9999999 -2.79397e-9 -10.38539 0 -2.79397e-9 1 -4.76837e-7 0 0 0 1</matrix>
                  <node id="node-Bip001_L_Clavicle" name="Bip001_L_Clavicle">
                    <matrix sid="matrix">0.1077465 -7.39269e-4 0.994178 -24.52097 0.3694733 -0.928348 -0.04073289 43.58782 0.9229735 0.3717112 -0.09975307 67.15594 0 0 0 1</matrix>
                    <node id="node-Bip001_L_UpperArm" name="Bip001_L_UpperArm">
                      <matrix sid="matrix">0.9062024 0.2235862 0.358896 41.91661 -0.4228295 0.4862413 0.7647122 -9.53674e-7 -0.003531054 -0.8447359 0.5351718 0 0 0 0 1</matrix>
                      <node id="node-Bip001_L_Forearm" name="Bip001_L_Forearm">
                        <matrix sid="matrix">0.534514 0.8451597 -1.49012e-8 31.26546 -0.8451597 0.5345139 2.98023e-8 0 5.96046e-8 -7.45058e-8 0.9999999 0 0 0 0 1</matrix>
                        <node id="node-Bip001_L_Hand" name="Bip001_L_Hand">
                          <matrix sid="matrix">0.9458168 -0.1832558 0.2680448 26.59955 -0.2627143 0.05323595 0.9634041 -1.14441e-5 -0.1908189 -0.9816227 0.002207471 0 0 0 0 1</matrix>
                          <node id="node-Bip001_L_Finger0" name="Bip001_L_Finger0">
                            <matrix>0.5812665 -0.2578083 0.7717927 7.073746 0.3936207 0.9192118 0.01060125 6.418381 -0.7121739 0.2976315 0.6357858 -10.46921 0 0 0 1</matrix>
                            <extra>
                              <technique profile="OpenCOLLADA">
                                <cast_shadows sid="cast_shadows" type="bool">1</cast_shadows>
                                <receive_shadows sid="receive_shadows" type="bool">1</receive_shadows>
                                <primary_visibility sid="primary_visibility" type="bool">1</primary_visibility>
                                <secondary_visibility sid="secondary_visibility" type="bool">1</secondary_visibility>
                              </technique>
                            </extra>
                          </node>
                          <node id="node-Bip001_L_Finger1" name="Bip001_L_Finger1">
                            <matrix>0.9690239 -0.2469665 0 13.80211 0.2469665 0.9690236 7.96309e-4 3.981018 -1.96708e-4 -7.71634e-4 0.9999996 1.088455 0 0 0 1</matrix>
                            <extra>
                              <technique profile="OpenCOLLADA">
                                <cast_shadows sid="cast_shadows" type="bool">1</cast_shadows>
                                <receive_shadows sid="receive_shadows" type="bool">1</receive_shadows>
                                <primary_visibility sid="primary_visibility" type="bool">1</primary_visibility>
                                <secondary_visibility sid="secondary_visibility" type="bool">1</secondary_visibility>
                              </technique>
                            </extra>
                          </node>
                          <node id="node-Bip001_L_Finger2" name="Bip001_L_Finger2">
                            <matrix>0.8360843 -0.09486943 -0.5403358 9.790512 0.1131728 0.9935751 6.70016e-4 6.367706 0.5368006 -0.06171154 0.8414492 13.03897 0 0 0 1</matrix>
                            <extra>
                              <technique profile="OpenCOLLADA">
                                <cast_shadows sid="cast_shadows" type="bool">1</cast_shadows>
                                <receive_shadows sid="receive_shadows" type="bool">1</receive_shadows>
                                <primary_visibility sid="primary_visibility" type="bool">1</primary_visibility>
                                <secondary_visibility sid="secondary_visibility" type="bool">1</secondary_visibility>
                              </technique>
                            </extra>
                          </node>
                          <node id="node-Bone108" name="Bone108">
                            <matrix>2.70871e-4 -2.4742e-4 3.39724e-4 -11.2184 4.29396e-5 4.18349e-4 2.70446e-4 30.8242 -4.18073e-4 -1.17337e-4 2.47885e-4 4.192818 0 0 0 1</matrix>
                            <extra>
                              <technique profile="OpenCOLLADA">
                                <cast_shadows sid="cast_shadows" type="bool">1</cast_shadows>
                                <receive_shadows sid="receive_shadows" type="bool">1</receive_shadows>
                                <primary_visibility sid="primary_visibility" type="bool">1</primary_visibility>
                                <secondary_visibility sid="secondary_visibility" type="bool">1</secondary_visibility>
                              </technique>
                            </extra>
                          </node>
                          <extra>
                            <technique profile="OpenCOLLADA">
                              <cast_shadows sid="cast_shadows" type="bool">1</cast_shadows>
                              <receive_shadows sid="receive_shadows" type="bool">1</receive_shadows>
                              <primary_visibility sid="primary_visibility" type="bool">1</primary_visibility>
                              <secondary_visibility sid="secondary_visibility" type="bool">1</secondary_visibility>
                            </technique>
                          </extra>
                        </node>
                        <extra>
                          <technique profile="OpenCOLLADA">
                            <cast_shadows sid="cast_shadows" type="bool">1</cast_shadows>
                            <receive_shadows sid="receive_shadows" type="bool">1</receive_shadows>
                            <primary_visibility sid="primary_visibility" type="bool">1</primary_visibility>
                            <secondary_visibility sid="secondary_visibility" type="bool">1</secondary_visibility>
                          </technique>
                        </extra>
                      </node>
                      <extra>
                        <technique profile="OpenCOLLADA">
                          <cast_shadows sid="cast_shadows" type="bool">1</cast_shadows>
                          <receive_shadows sid="receive_shadows" type="bool">1</receive_shadows>
                          <primary_visibility sid="primary_visibility" type="bool">1</primary_visibility>
                          <secondary_visibility sid="secondary_visibility" type="bool">1</secondary_visibility>
                        </technique>
                      </extra>
                    </node>
                    <extra>
                      <technique profile="OpenCOLLADA">
                        <cast_shadows sid="cast_shadows" type="bool">1</cast_shadows>
                        <receive_shadows sid="receive_shadows" type="bool">1</receive_shadows>
                        <primary_visibility sid="primary_visibility" type="bool">1</primary_visibility>
                        <secondary_visibility sid="secondary_visibility" type="bool">1</secondary_visibility>
                      </technique>
                    </extra>
                  </node>
                  <node id="node-Bip001_R_Clavicle" name="Bip001_R_Clavicle">
                    <matrix sid="matrix">0.1048259 -7.59922e-4 -0.9944902 -24.52097 -0.2973592 -0.9542746 -0.03061448 43.5882 -0.9489936 0.29893 -0.1002587 -67.15575 0 0 0 1</matrix>
                    <node id="node-Bip001_R_UpperArm" name="Bip001_R_UpperArm">
                      <matrix sid="matrix">0.683181 -0.3653519 -0.6322829 41.9166 0.7199012 0.482205 0.4992201 7.62939e-6 0.1224989 -0.7962389 0.5924506 1.52588e-5 0 0 0 1</matrix>
                      <node id="node-Bip001_R_Forearm" name="Bip001_R_Forearm">
                        <matrix sid="matrix">0.5335298 0.8457811 0 31.26547 -0.845781 0.5335299 -5.96046e-8 -7.62939e-6 5.96046e-8 -1.49012e-8 1 0 0 0 0 1</matrix>
                        <node id="node-Bip001_R_Hand" name="Bip001_R_Hand">
                          <matrix sid="matrix">0.9713044 -0.2378402 -1.89364e-4 26.59956 -1.49012e-8 7.96266e-4 -0.9999997 -7.62939e-6 0.2378404 0.9713041 7.73445e-4 0 0 0 0 1</matrix>
                          <node id="node-Bip001_R_Finger0" name="Bip001_R_Finger0">
                            <matrix>0.5812666 -0.2578084 -0.7717928 7.073753 0.3936207 0.9192118 -0.01060121 6.418396 0.7121739 -0.2976315 0.6357858 10.4692 0 0 0 1</matrix>
                            <extra>
                              <technique profile="OpenCOLLADA">
                                <cast_shadows sid="cast_shadows" type="bool">1</cast_shadows>
                                <receive_shadows sid="receive_shadows" type="bool">1</receive_shadows>
                                <primary_visibility sid="primary_visibility" type="bool">1</primary_visibility>
                                <secondary_visibility sid="secondary_visibility" type="bool">1</secondary_visibility>
                              </technique>
                            </extra>
                          </node>
                          <node id="node-Bip001_R_Finger1" name="Bip001_R_Finger1">
                            <matrix>0.969024 -0.2469666 -1.49012e-8 13.80212 0.2469665 0.9690237 -7.96311e-4 3.981018 1.96636e-4 7.71645e-4 0.9999997 -1.08847 0 0 0 1</matrix>
                            <extra>
                              <technique profile="OpenCOLLADA">
                                <cast_shadows sid="cast_shadows" type="bool">1</cast_shadows>
                                <receive_shadows sid="receive_shadows" type="bool">1</receive_shadows>
                                <primary_visibility sid="primary_visibility" type="bool">1</primary_visibility>
                                <secondary_visibility sid="secondary_visibility" type="bool">1</secondary_visibility>
                              </technique>
                            </extra>
                          </node>
                          <node id="node-Bip001_R_Finger2" name="Bip001_R_Finger2">
                            <matrix>0.8360844 -0.09486943 0.5403358 9.790512 0.1131728 0.993575 -6.70046e-4 6.367706 -0.5368007 0.06171153 0.8414493 -13.03899 0 0 0 1</matrix>
                            <extra>
                              <technique profile="OpenCOLLADA">
                                <cast_shadows sid="cast_shadows" type="bool">1</cast_shadows>
                                <receive_shadows sid="receive_shadows" type="bool">1</receive_shadows>
                                <primary_visibility sid="primary_visibility" type="bool">1</primary_visibility>
                                <secondary_visibility sid="secondary_visibility" type="bool">1</secondary_visibility>
                              </technique>
                            </extra>
                          </node>
                          <extra>
                            <technique profile="OpenCOLLADA">
                              <cast_shadows sid="cast_shadows" type="bool">1</cast_shadows>
                              <receive_shadows sid="receive_shadows" type="bool">1</receive_shadows>
                              <primary_visibility sid="primary_visibility" type="bool">1</primary_visibility>
                              <secondary_visibility sid="secondary_visibility" type="bool">1</secondary_visibility>
                            </technique>
                          </extra>
                        </node>
                        <extra>
                          <technique profile="OpenCOLLADA">
                            <cast_shadows sid="cast_shadows" type="bool">1</cast_shadows>
                            <receive_shadows sid="receive_shadows" type="bool">1</receive_shadows>
                            <primary_visibility sid="primary_visibility" type="bool">1</primary_visibility>
                            <secondary_visibility sid="secondary_visibility" type="bool">1</secondary_visibility>
                          </technique>
                        </extra>
                      </node>
                      <extra>
                        <technique profile="OpenCOLLADA">
                          <cast_shadows sid="cast_shadows" type="bool">1</cast_shadows>
                          <receive_shadows sid="receive_shadows" type="bool">1</receive_shadows>
                          <primary_visibility sid="primary_visibility" type="bool">1</primary_visibility>
                          <secondary_visibility sid="secondary_visibility" type="bool">1</secondary_visibility>
                        </technique>
                      </extra>
                    </node>
                    <extra>
                      <technique profile="OpenCOLLADA">
                        <cast_shadows sid="cast_shadows" type="bool">1</cast_shadows>
                        <receive_shadows sid="receive_shadows" type="bool">1</receive_shadows>
                        <primary_visibility sid="primary_visibility" type="bool">1</primary_visibility>
                        <secondary_visibility sid="secondary_visibility" type="bool">1</secondary_visibility>
                      </technique>
                    </extra>
                  </node>
                  <node id="node-Bip001_Head" name="Bip001_Head">
                    <matrix sid="matrix">0.9825587 0.1749374 -0.06304838 9.760681 -0.1827227 0.9712198 -0.1527886 0 0.0345054 0.1616442 0.9862456 0 0 0 0 1</matrix>
                    <node id="node-Bip001_Xtra01" name="Bip001_Xtra01">
                      <matrix sid="matrix">0.9960532 -0.06781542 -0.05726218 156.8117 0.06744704 0.9976879 -0.008343358 -5.545547 0.0576956 0.00444826 0.9983242 -3.002273 0 0 0 1</matrix>
                      <node id="node-Bip001_Xtra0102" name="Bip001_Xtra0102">
                        <matrix sid="matrix">0.9749861 0.1298769 -0.1803722 11.66269 -0.118406 0.9902771 0.07301481 -0.008003235 0.1881014 -0.04983127 0.9808846 4.00543e-4 0 0 0 1</matrix>
                        <extra>
                          <technique profile="OpenCOLLADA">
                            <cast_shadows sid="cast_shadows" type="bool">1</cast_shadows>
                            <receive_shadows sid="receive_shadows" type="bool">1</receive_shadows>
                            <primary_visibility sid="primary_visibility" type="bool">1</primary_visibility>
                            <secondary_visibility sid="secondary_visibility" type="bool">1</secondary_visibility>
                          </technique>
                        </extra>
                      </node>
                      <extra>
                        <technique profile="OpenCOLLADA">
                          <cast_shadows sid="cast_shadows" type="bool">1</cast_shadows>
                          <receive_shadows sid="receive_shadows" type="bool">1</receive_shadows>
                          <primary_visibility sid="primary_visibility" type="bool">1</primary_visibility>
                          <secondary_visibility sid="secondary_visibility" type="bool">1</secondary_visibility>
                        </technique>
                      </extra>
                    </node>
                    <node id="node-Bip001_Xtra02" name="Bip001_Xtra02">
                      <matrix sid="matrix">0.9569666 -0.01487094 0.2898166 150.4247 0.01584971 0.9998738 -0.001029976 -5.071312 -0.2897648 0.005579147 0.9570816 -31.81835 0 0 0 1</matrix>
                      <node id="node-Bip001_Xtra0202" name="Bip001_Xtra0202">
                        <matrix sid="matrix">0.9833517 0.1811652 -0.01408525 11.01953 -0.1808511 0.9832847 0.02107583 -0.007652283 0.01766802 -0.01817764 0.9996786 1.37329e-4 0 0 0 1</matrix>
                        <extra>
                          <technique profile="OpenCOLLADA">
                            <cast_shadows sid="cast_shadows" type="bool">1</cast_shadows>
                            <receive_shadows sid="receive_shadows" type="bool">1</receive_shadows>
                            <primary_visibility sid="primary_visibility" type="bool">1</primary_visibility>
                            <secondary_visibility sid="secondary_visibility" type="bool">1</secondary_visibility>
                          </technique>
                        </extra>
                      </node>
                      <extra>
                        <technique profile="OpenCOLLADA">
                          <cast_shadows sid="cast_shadows" type="bool">1</cast_shadows>
                          <receive_shadows sid="receive_shadows" type="bool">1</receive_shadows>
                          <primary_visibility sid="primary_visibility" type="bool">1</primary_visibility>
                          <secondary_visibility sid="secondary_visibility" type="bool">1</secondary_visibility>
                        </technique>
                      </extra>
                    </node>
                    <node id="node-Bip001_Xtra03" name="Bip001_Xtra03">
                      <matrix sid="matrix">-0.4074525 0.3324711 -0.8505559 113.2863 -0.1870557 0.8812433 0.4340739 95.53048 0.8938639 0.3359658 -0.2968742 44.14919 0 0 0 1</matrix>
                      <node id="node-Bip001_Xtra0302" name="Bip001_Xtra0302">
                        <matrix sid="matrix">0.9937972 0.03457254 -0.1056964 23.79362 -0.03468263 0.999398 7.96109e-4 -0.01269531 0.1056603 0.002874613 0.994398 -3.05176e-5 0 0 0 1</matrix>
                        <node id="node-Bip001_Xtra0303" name="Bip001_Xtra0303">
                          <matrix sid="matrix">0.9746777 0.06699523 -0.213342 15.96 -0.07220581 0.9972498 -0.01671639 -0.01261902 0.2116352 0.03169769 0.9768345 -3.8147e-4 0 0 0 1</matrix>
                          <extra>
                            <technique profile="OpenCOLLADA">
                              <cast_shadows sid="cast_shadows" type="bool">1</cast_shadows>
                              <receive_shadows sid="receive_shadows" type="bool">1</receive_shadows>
                              <primary_visibility sid="primary_visibility" type="bool">1</primary_visibility>
                              <secondary_visibility sid="secondary_visibility" type="bool">1</secondary_visibility>
                            </technique>
                          </extra>
                        </node>
                        <extra>
                          <technique profile="OpenCOLLADA">
                            <cast_shadows sid="cast_shadows" type="bool">1</cast_shadows>
                            <receive_shadows sid="receive_shadows" type="bool">1</receive_shadows>
                            <primary_visibility sid="primary_visibility" type="bool">1</primary_visibility>
                            <secondary_visibility sid="secondary_visibility" type="bool">1</secondary_visibility>
                          </technique>
                        </extra>
                      </node>
                      <extra>
                        <technique profile="OpenCOLLADA">
                          <cast_shadows sid="cast_shadows" type="bool">1</cast_shadows>
                          <receive_shadows sid="receive_shadows" type="bool">1</receive_shadows>
                          <primary_visibility sid="primary_visibility" type="bool">1</primary_visibility>
                          <secondary_visibility sid="secondary_visibility" type="bool">1</secondary_visibility>
                        </technique>
                      </extra>
                    </node>
                    <node id="node-Bip001_Xtra03Opp" name="Bip001_Xtra03Opp">
                      <matrix sid="matrix">-0.4074521 0.332466 0.8505582 113.2863 -0.1870496 0.8812482 -0.4340666 95.53072 -0.8938653 -0.3359579 -0.2968789 -44.14865 0 0 0 1</matrix>
                      <node id="node-Bip001_Xtra03Opp02" name="Bip001_Xtra03Opp02">
                        <matrix sid="matrix">0.9746338 0.1119601 0.1937885 23.79263 -0.111548 0.9936732 -0.01307228 -0.01261902 -0.194026 -0.008876085 0.9809563 1.2207e-4 0 0 0 1</matrix>
                        <node id="node-Bip001_Xtra03Opp03" name="Bip001_Xtra03Opp03">
                          <matrix sid="matrix">0.9172019 0.2162972 0.3345987 15.95811 -0.2116032 0.9760295 -0.05089608 -0.0123291 -0.337587 -0.02412006 0.9409852 2.89917e-4 0 0 0 1</matrix>
                          <extra>
                            <technique profile="OpenCOLLADA">
                              <cast_shadows sid="cast_shadows" type="bool">1</cast_shadows>
                              <receive_shadows sid="receive_shadows" type="bool">1</receive_shadows>
                              <primary_visibility sid="primary_visibility" type="bool">1</primary_visibility>
                              <secondary_visibility sid="secondary_visibility" type="bool">1</secondary_visibility>
                            </technique>
                          </extra>
                        </node>
                        <extra>
                          <technique profile="OpenCOLLADA">
                            <cast_shadows sid="cast_shadows" type="bool">1</cast_shadows>
                            <receive_shadows sid="receive_shadows" type="bool">1</receive_shadows>
                            <primary_visibility sid="primary_visibility" type="bool">1</primary_visibility>
                            <secondary_visibility sid="secondary_visibility" type="bool">1</secondary_visibility>
                          </technique>
                        </extra>
                      </node>
                      <extra>
                        <technique profile="OpenCOLLADA">
                          <cast_shadows sid="cast_shadows" type="bool">1</cast_shadows>
                          <receive_shadows sid="receive_shadows" type="bool">1</receive_shadows>
                          <primary_visibility sid="primary_visibility" type="bool">1</primary_visibility>
                          <secondary_visibility sid="secondary_visibility" type="bool">1</secondary_visibility>
                        </technique>
                      </extra>
                    </node>
                    <extra>
                      <technique profile="OpenCOLLADA">
                        <cast_shadows sid="cast_shadows" type="bool">1</cast_shadows>
                        <receive_shadows sid="receive_shadows" type="bool">1</receive_shadows>
                        <primary_visibility sid="primary_visibility" type="bool">1</primary_visibility>
                        <secondary_visibility sid="secondary_visibility" type="bool">1</secondary_visibility>
                      </technique>
                    </extra>
                  </node>
                  <extra>
                    <technique profile="OpenCOLLADA">
                      <cast_shadows sid="cast_shadows" type="bool">1</cast_shadows>
                      <receive_shadows sid="receive_shadows" type="bool">1</receive_shadows>
                      <primary_visibility sid="primary_visibility" type="bool">1</primary_visibility>
                      <secondary_visibility sid="secondary_visibility" type="bool">1</secondary_visibility>
                    </technique>
                  </extra>
                </node>
                <node id="node-Bone110" name="Bone110">
                  <matrix sid="matrix">-0.8691169 0.4901225 -0.06645116 32.82021 0.4912064 0.8710431 3.0362e-5 157.3337 0.0578967 -0.03261488 -0.9977897 2.04563e-4 0 0 0 1</matrix>
                  <node id="node-Bone111" name="Bone111">
                    <matrix sid="matrix">0.9859877 0.1445704 0.08323273 25.41017 -0.1448627 0.9894484 -0.00254827 0 -0.0827229 -0.009544782 0.9965269 7.62939e-6 0 0 0 1</matrix>
                    <node id="node-Bone112" name="Bone112">
                      <matrix sid="matrix">0.9644102 0.2030948 0.169309 24.87146 -0.2147999 0.9751774 0.05375786 0 -0.1541883 -0.08821218 0.9840958 0 0 0 0 1</matrix>
                      <extra>
                        <technique profile="OpenCOLLADA">
                          <cast_shadows sid="cast_shadows" type="bool">1</cast_shadows>
                          <receive_shadows sid="receive_shadows" type="bool">1</receive_shadows>
                          <primary_visibility sid="primary_visibility" type="bool">1</primary_visibility>
                          <secondary_visibility sid="secondary_visibility" type="bool">1</secondary_visibility>
                        </technique>
                      </extra>
                    </node>
                    <extra>
                      <technique profile="OpenCOLLADA">
                        <cast_shadows sid="cast_shadows" type="bool">1</cast_shadows>
                        <receive_shadows sid="receive_shadows" type="bool">1</receive_shadows>
                        <primary_visibility sid="primary_visibility" type="bool">1</primary_visibility>
                        <secondary_visibility sid="secondary_visibility" type="bool">1</secondary_visibility>
                      </technique>
                    </extra>
                  </node>
                  <extra>
                    <technique profile="OpenCOLLADA">
                      <cast_shadows sid="cast_shadows" type="bool">1</cast_shadows>
                      <receive_shadows sid="receive_shadows" type="bool">1</receive_shadows>
                      <primary_visibility sid="primary_visibility" type="bool">1</primary_visibility>
                      <secondary_visibility sid="secondary_visibility" type="bool">1</secondary_visibility>
                    </technique>
                  </extra>
                </node>
                <extra>
                  <technique profile="OpenCOLLADA">
                    <cast_shadows sid="cast_shadows" type="bool">1</cast_shadows>
                    <receive_shadows sid="receive_shadows" type="bool">1</receive_shadows>
                    <primary_visibility sid="primary_visibility" type="bool">1</primary_visibility>
                    <secondary_visibility sid="secondary_visibility" type="bool">1</secondary_visibility>
                  </technique>
                </extra>
              </node>
              <node id="node-Bip001_L_Thigh" name="Bip001_L_Thigh">
                <matrix sid="matrix">-0.8438929 -0.5233745 0.1179996 -43.60802 -0.5098116 0.8507791 0.1275406 -10.31107 -0.1671432 0.0474731 -0.984789 51.92493 0 0 0 1</matrix>
                <node id="node-Bip001_L_Calf" name="Bip001_L_Calf">
                  <matrix sid="matrix">0.8821 0.4710619 0 40.50288 -0.4710621 0.8821003 -3.72529e-9 0 1.11759e-8 7.45058e-9 1 3.8147e-6 0 0 0 1</matrix>
                  <node id="node-Bip001_L_Foot" name="Bip001_L_Foot">
                    <matrix sid="matrix">0.8854066 0.4416537 -0.1449049 21.06418 -0.4157184 0.8918706 0.1781716 0 0.2079265 -0.09751468 0.9732716 -3.8147e-6 0 0 0 1</matrix>
                    <node id="node-Bip001_L_Toe0" name="Bip001_L_Toe0">
                      <matrix sid="matrix">-1.49675e-4 -1 3.28597e-6 10.06601 0.9999999 -1.49667e-4 8.40219e-6 22.69505 -8.39984e-6 3.28374e-6 1 7.62939e-6 0 0 0 1</matrix>
                      <extra>
                        <technique profile="OpenCOLLADA">
                          <cast_shadows sid="cast_shadows" type="bool">1</cast_shadows>
                          <receive_shadows sid="receive_shadows" type="bool">1</receive_shadows>
                          <primary_visibility sid="primary_visibility" type="bool">1</primary_visibility>
                          <secondary_visibility sid="secondary_visibility" type="bool">1</secondary_visibility>
                        </technique>
                      </extra>
                    </node>
                    <extra>
                      <technique profile="OpenCOLLADA">
                        <cast_shadows sid="cast_shadows" type="bool">1</cast_shadows>
                        <receive_shadows sid="receive_shadows" type="bool">1</receive_shadows>
                        <primary_visibility sid="primary_visibility" type="bool">1</primary_visibility>
                        <secondary_visibility sid="secondary_visibility" type="bool">1</secondary_visibility>
                      </technique>
                    </extra>
                  </node>
                  <extra>
                    <technique profile="OpenCOLLADA">
                      <cast_shadows sid="cast_shadows" type="bool">1</cast_shadows>
                      <receive_shadows sid="receive_shadows" type="bool">1</receive_shadows>
                      <primary_visibility sid="primary_visibility" type="bool">1</primary_visibility>
                      <secondary_visibility sid="secondary_visibility" type="bool">1</secondary_visibility>
                    </technique>
                  </extra>
                </node>
                <extra>
                  <technique profile="OpenCOLLADA">
                    <cast_shadows sid="cast_shadows" type="bool">1</cast_shadows>
                    <receive_shadows sid="receive_shadows" type="bool">1</receive_shadows>
                    <primary_visibility sid="primary_visibility" type="bool">1</primary_visibility>
                    <secondary_visibility sid="secondary_visibility" type="bool">1</secondary_visibility>
                  </technique>
                </extra>
              </node>
              <node id="node-Bip001_R_Thigh" name="Bip001_R_Thigh">
                <matrix sid="matrix">-0.7519071 0.6572315 -0.05179322 -39.01264 0.6577204 0.7424404 -0.1272242 8.13969 -0.0451624 -0.1297263 -0.9905209 -55.82389 0 0 0 1</matrix>
                <node id="node-Bip001_R_Calf" name="Bip001_R_Calf">
                  <matrix sid="matrix">0.8798037 0.4753373 -7.45058e-9 40.50289 -0.4753373 0.8798037 -1.49012e-8 0 7.45058e-9 7.45058e-9 1 0 0 0 0 1</matrix>
                  <node id="node-Bip001_R_Foot" name="Bip001_R_Foot">
                    <matrix sid="matrix">0.9901764 0.07996768 -0.1146989 21.06417 -0.0846546 0.9957386 -0.03658291 -3.8147e-6 0.1112847 0.04593329 0.9927263 -3.8147e-6 0 0 0 1</matrix>
                    <node id="node-Bip001_R_Toe0" name="Bip001_R_Toe0">
                      <matrix sid="matrix">-3.39031e-4 -0.9999999 -2.64932e-5 10.06601 0.9999999 -3.39061e-4 -6.28877e-5 22.69504 6.28665e-5 -2.65137e-5 1 3.8147e-6 0 0 0 1</matrix>
                      <extra>
                        <technique profile="OpenCOLLADA">
                          <cast_shadows sid="cast_shadows" type="bool">1</cast_shadows>
                          <receive_shadows sid="receive_shadows" type="bool">1</receive_shadows>
                          <primary_visibility sid="primary_visibility" type="bool">1</primary_visibility>
                          <secondary_visibility sid="secondary_visibility" type="bool">1</secondary_visibility>
                        </technique>
                      </extra>
                    </node>
                    <extra>
                      <technique profile="OpenCOLLADA">
                        <cast_shadows sid="cast_shadows" type="bool">1</cast_shadows>
                        <receive_shadows sid="receive_shadows" type="bool">1</receive_shadows>
                        <primary_visibility sid="primary_visibility" type="bool">1</primary_visibility>
                        <secondary_visibility sid="secondary_visibility" type="bool">1</secondary_visibility>
                      </technique>
                    </extra>
                  </node>
                  <extra>
                    <technique profile="OpenCOLLADA">
                      <cast_shadows sid="cast_shadows" type="bool">1</cast_shadows>
                      <receive_shadows sid="receive_shadows" type="bool">1</receive_shadows>
                      <primary_visibility sid="primary_visibility" type="bool">1</primary_visibility>
                      <secondary_visibility sid="secondary_visibility" type="bool">1</secondary_visibility>
                    </technique>
                  </extra>
                </node>
                <extra>
                  <technique profile="OpenCOLLADA">
                    <cast_shadows sid="cast_shadows" type="bool">1</cast_shadows>
                    <receive_shadows sid="receive_shadows" type="bool">1</receive_shadows>
                    <primary_visibility sid="primary_visibility" type="bool">1</primary_visibility>
                    <secondary_visibility sid="secondary_visibility" type="bool">1</secondary_visibility>
                  </technique>
                </extra>
              </node>
              <extra>
                <technique profile="OpenCOLLADA">
                  <cast_shadows sid="cast_shadows" type="bool">1</cast_shadows>
                  <receive_shadows sid="receive_shadows" type="bool">1</receive_shadows>
                  <primary_visibility sid="primary_visibility" type="bool">1</primary_visibility>
                  <secondary_visibility sid="secondary_visibility" type="bool">1</secondary_visibility>
                </technique>
              </extra>
            </node>
            <extra>
              <technique profile="OpenCOLLADA">
                <cast_shadows sid="cast_shadows" type="bool">1</cast_shadows>
                <receive_shadows sid="receive_shadows" type="bool">1</receive_shadows>
                <primary_visibility sid="primary_visibility" type="bool">1</primary_visibility>
                <secondary_visibility sid="secondary_visibility" type="bool">1</secondary_visibility>
              </technique>
            </extra>
          </node>
          <node id="node-Bip001_Prop1" name="Bip001_Prop1">
            <matrix sid="matrix">-0.9489886 -0.2973788 0.1048158 -105.6388 0.141335 -0.6983406 -0.7016729 -39.06596 0.2818598 -0.6510655 0.7047474 146.183 0 0 0 1</matrix>
            <extra>
              <technique profile="OpenCOLLADA">
                <cast_shadows sid="cast_shadows" type="bool">1</cast_shadows>
                <receive_shadows sid="receive_shadows" type="bool">1</receive_shadows>
                <primary_visibility sid="primary_visibility" type="bool">1</primary_visibility>
                <secondary_visibility sid="secondary_visibility" type="bool">1</secondary_visibility>
              </technique>
            </extra>
          </node>
          <node id="node-Bip001_Prop2" name="Bip001_Prop2">
            <matrix sid="matrix">0.9676687 0.2109438 0.1382741 -56.66031 -0.1438383 0.9118593 -0.3844773 -175.2608 -0.2071896 0.3521576 0.9127199 50.43118 0 0 0 1</matrix>
            <extra>
              <technique profile="OpenCOLLADA">
                <cast_shadows sid="cast_shadows" type="bool">1</cast_shadows>
                <receive_shadows sid="receive_shadows" type="bool">1</receive_shadows>
                <primary_visibility sid="primary_visibility" type="bool">1</primary_visibility>
                <secondary_visibility sid="secondary_visibility" type="bool">1</secondary_visibility>
              </technique>
            </extra>
          </node>
          <extra>
            <technique profile="OpenCOLLADA">
              <cast_shadows sid="cast_shadows" type="bool">1</cast_shadows>
              <receive_shadows sid="receive_shadows" type="bool">1</receive_shadows>
              <primary_visibility sid="primary_visibility" type="bool">1</primary_visibility>
              <secondary_visibility sid="secondary_visibility" type="bool">1</secondary_visibility>
            </technique>
          </extra>
        </node>
        <node id="node-npc_vfx" name="npc_vfx">
          <matrix>1.532125 0 0 0 0 -2.49615e-7 -1.532125 6.38691e-8 0 1.532125 -2.49615e-7 0 0 0 0 1</matrix>
          <extra>
            <technique profile="OpenCOLLADA">
              <cast_shadows sid="cast_shadows" type="bool">1</cast_shadows>
              <receive_shadows sid="receive_shadows" type="bool">1</receive_shadows>
              <primary_visibility sid="primary_visibility" type="bool">1</primary_visibility>
              <secondary_visibility sid="secondary_visibility" type="bool">1</secondary_visibility>
            </technique>
          </extra>
        </node>
        <extra>
          <technique profile="OpenCOLLADA">
            <cast_shadows sid="cast_shadows" type="bool">1</cast_shadows>
            <receive_shadows sid="receive_shadows" type="bool">1</receive_shadows>
            <primary_visibility sid="primary_visibility" type="bool">1</primary_visibility>
            <secondary_visibility sid="secondary_visibility" type="bool">1</secondary_visibility>
          </technique>
        </extra>
      </node>
    </visual_scene>
  </library_visual_scenes>
  <library_animations>
    <animation>
      <source id="node-Bip001_matrix-input">
        <float_array id="node-Bip001_matrix-input-array" count="15">0 0.03333334 0.06666667 0.1 0.1333333 0.1666667 0.2 0.2333333 0.2666667 0.3 0.3333333 0.3666667 0.4 0.4333333 0.4666667</float_array>
        <technique_common>
          <accessor source="#node-Bip001_matrix-input-array" count="15" stride="1">
            <param name="TIME" type="float"/>
          </accessor>
        </technique_common>
      </source>
      <source id="node-Bip001_matrix-output">
